0,573
0,572
0,571
130,3
130,2
130,1
130,0
129,4
129,3
129,2
129,1
129,0
128,3
128,2
128,1
128,0
127,4
127,3
127,2
127,1
127,0
126,3
126,2
126,1
126,0
125,3
125,2
125,1
125,0
124,5
124,4
124,3
124,2
124,1
124,0
123,3
123,2
123,1
123,0
122,4
122,3
122,2
0,570
122,1
122,0
0,569
121,3
121,2
121,1
121,0
0,551
0,243
0,278
0,9
10,216
10,74
10,172
10,286
10,96
10,274
10,292
10,262
10,2
10,3
9,7
9,6
9,1
9,4
9,3
8,9
8,4
8,16
8,6
104,3
104,2
104,1
104,0
103,12
103,11
103,10
103,9
103,8
103,7
103,6
103,5
103,4
103,3
103,2
103,1
103,0
102,3
102,2
102,1
102,0
101,4
101,3
101,2
101,1
101,0
100,3
100,2
100,1
100,0
99,3
99,2
99,1
99,0
98,5
98,4
98,3
98,2
98,1
98,0
97,3
97,2
97,1
97,0
96,4
96,3
2,2
2,1
2,3
96,2
96,1
96,0
95,3
95,2
95,1
95,0
20,3
20,2
20,1
19,3
